YYYY MM q1q2q3q4q5 q6q7q8q9q0 d1d2d3d4d5
2013 01 22 1 53024  310 423 7 2617131820
2013 02  6 52425 9 2715 31810 141322 217
2013 03  8 7262513 10 6 531 4 17 1292730
2013 04 19 8181721  3 5 920 2 2426142523
2013 05 29301112 9 1013 421 3  125241826
2013 06 1626171314 18121519 5  129 7 628
2013 07  2 317 821  424312316  614101511
2013 08 29 2 7 820 11 319 126 16212327 5
2013 09 2826271529  730 9 516 1924 113 2
2013 10  528 41921 2026242513  2 9141530
2013 11 2524212728 2612181422 11 91016 7
2013 12  212222627 2330282411  814 1 325
2014 01 1931182016 17 5 62715  2 11422 3
2014 02 13261425 2  4 5 11724 1920 81623
2014 03 16 917 7 8 1124101519 1326212529
2014 04 10 627 222 16 9 82915 2012213013
2014 05 21 6311726  213 72527  823 41130
2014 06  112271522  226231316  818 71920
2014 07 191820 129  6 5173016 281410 915
2014 08 162524 926 2215142318 2827293119
2014 09 1415 81720 21 418 710 1219242627
2014 10 12 330 4 5  731 61316 2014211822
2014 11 29261328 3 2524 127 6 10 41615 5
2014 12 1118171627  320193110  729122622
2015 01 2018192515 24 11417 9  7 4 526 8
2015 02 1327142612 2016 61115  22417 118
2015 03 1030 514 9 1513272612 1718 219 1
2015 04 252612 829 2430 72728 1610151721
2015 05 2521222324 3031161727 13 6121811
2015 06 20 5 2 4 3 19 6293012 2322 82514
2015 07 19 2 31820  817 929 7 1311 523 4
2015 08 143031 521  4 3241125 2728151623
2015 09 30272826 1 292524 2 3 11 920 7 8
2015 10 2628271929 2223311625  7 8 91312
2015 11 2425232226 211220 228 10 7 3 4 9
2015 12 30 3 42818 2916131725 20312110 6
2016 01 2530291617 26271518 4 21 120 6 7
2016 02 2228272129 10 42520 2 161718 819
2016 03 2613 5 425 222431 9 3  615 71716
2016 04 19 929 120 2821251811 13141217 2
2016 05 25261223 4 24112013 5  8 9 221 1
2016 06  3 221 420  92919 1 8  5 6142415
2016 07  518273126  61730 421  7 8201225
2016 08 28 1151422 1920132716  3243023 5
2016 09 1611231710 22 9132412  32829 227
2016 10 211120 922 12 6 719 8 2526132927
2016 11 19 5 82030 1718 716 6 25132412 3
2016 12  416 31530  1 21413 5  92226 821
2017 01 1624171413 23121525 2 3127 7 5 8
2017 02 14261512 8 11211325 9  1 217 324
2017 03 2019181317 2526141624 27 1 22831
2017 04 1617 31310 3028122918 222320 424
2017 05 2625 32431 13 6 2 5 1 2820191522
2017 06  42010 830 152128 9 2 1617111825
2017 07  514 83115 3019132912 1617 9 222
2017 08 281526 9 2 30 8251410 3119172320
2017 09 26 9252322 211024 319  8282715 7
2017 10 30 9293110  8 7272318 1314111215
2017 11  6 526 1 4 2919271712  8 7211016
2017 12  322211015 163031 2 9  51718 612
2018 01 1817 711 6  329 41228 1422 125 9
2018 02 111314 8 7 21 2 312 4 2719231815
2018 03 281213 829  2 7 621 5 1816251523
2018 04 1916172928  6 326 7 1 20101121 9
2018 05  121192026  325152416  6 5 711 9
2018 06 1610211511 292230 912  12623 225
2018 07  1 9 21815 23272619 3 24 5211125
2018 08  614101323 30 9 5 831 2627201517
2018 09 20 319 1 8  6 2 73016 1122101314
2018 10 1820291923 28172427 4  7 8 91013
2018 11 1715162622 2330182825  5 410 8 9
2018 12 1523141613 2622242512 28 2 820 7
2019 01  228 33012 1329102120 24 5233125
2019 02 2524232619 2022161517 28 2 11321
2019 03 2223211811 24301310 5  117 21628
2019 04 1822211720 2614193028 10 5 8 3 4
2019 05  819 52125 3122121817 141129 1 2
2019 06 11 6101723  129191812  813 42014
2019 07 262025 619 18 3 524 7  91030 1 8
2019 08  319 22915  425142321 31 527 630
2019 09 2023192622 2511101214  128 227 9
2019 10 132322 319 15 8 62017 2526242710
2019 11 18 2 32013 1519 81014 2224212311
2019 12  3292830 5  2 7171624 1819112015
2020 01 2019142413 27 217 112 30 9 529 6
2020 02 1325142716 26 32410 5  6 7211819
2020 03 141125 510  724 615 2 3123301921
2020 04 193029 623 17 71816 5 20 821 314
2020 05 14 9172028 152916 8 7 3022 5 625
2020 06 292214 625 1213 32815  7 2102726
2020 07  812111023 2622 92027 252414 5 4
2020 08  910151124 2017 12516 31 329 228
2020 09  910211119 1617 8 3 7 28262427 1
2020 10 14 91015 8 1813111216 2426252329
2020 11  91016 4 2 1719 31813 222128 123
2020 12  41718 7 1 1615 331 2 2221232430
2021 01  2 314 831 30 42117 9 251126 627
2021 02 111027 914 1815 1 528 202124 722
2021 03 1016 92930 111817 5 8 2014 121 3
2021 04  628 4 3 9  82910 512 1716192518
2021 05  5283124 7 2511 9 8 6 1220272618
2021 06  12827 919 26211423 4 151630 712
2021 07 25 4232426 1117 816 3 1428201522
2021 08  5232214 1 21 91219 8 2728 2 7 3
2021 09 26192016 2  9 129 415 17 8222328
2021 10 282729 723 2224 8 925 121131 119
2021 11 1326141211 2427192518  4 2 6 316
2021 12  910172612 18 83123 7  120192722
2022 01  7 6131224  51120 410 1915181629
2022 02 26 915 817 18 124 723  4 3101122
2022 03 18 221 319  917 81623 1331 511 6
2022 04 262524 5 6 221916 8 3 141015 2 9
2022 05  710 52426  62311 2 8 2827292017
2022 06  430 3 5 2 10 9 829 1 2615251317
2022 07  5172914 6 1325 92010 19 7 8 421
2022 08 24 6252326 161514 4 5 18 817 7 9
2022 09 1328161721 2625222915  4 5 327 6
2022 10  113192521 1726121811 29 3 922 4
2022 11 10171522 6 2316141912  330282925
2022 12 1713 61814 1628201512 30 1272423
2023 01  62430 929 2017 3 719 15 42118 1
2023 02 13 524 2 4  119171814 2715282616
2023 03 2713282917 16112126 8 242315 5 3
2023 04 1216172011  813 91422 2423272928
2023 05 1817 529 3 27302615 4 20 6102122
2023 06  3 910 7 5 14 8 213 6 1615242925
2023 07  4 9 31910  2 12831 5 171426 718
2023 08  615231114 25132930 3  5 4 218 7
2023 09 10 71128 8 16 4 615 9 19 2182625
2023 10 1723121124 15162510 7 29262128 5
2023 11 18 3191711 292030 214  5 62522 7
2023 12  911222831 25102730 8  1171814 5
2024 01  713 617 8 1227 52126  3 1 22429
2024 02 19 3 22315 21 7291617 1127252613
2024 03 1716301120 18 22912 6 2423 32521
2024 04 2524181412 1113 32928 1916262130
2024 05 2228 9 425  82920 714 111012 213
2024 06 1322212412  2 9 1 614 28 715 816
2024 07  6131918 2  321141023 26303127 8
2024 08 261529 625  9 823 710 12 4113117
2024 09  5222120 3 2710 628 7 1712132516
2024 10 251321 1 2  52014 317 1110 7 819
2024 11 2818122726 13 1171629  910 415 2
2024 12 2627281329  6 5 71225 17 9211820